%YAML:1.0
cameraMatrix: !!opencv-matrix
   rows: 3
   cols: 3
   dt: d
   data: [ 7.3354446161538613e+002, 0., 3.1950000000000000e+002, 0.,
       7.3354446161538613e+002, 2.3950000000000000e+002, 0., 0., 1. ]
distCoeffs: !!opencv-matrix
   rows: 5
   cols: 1
   dt: d
   data: [ -3.7930573781008746e-002, 3.5284519772964484e-001, 0., 0.,
       -1.9467382330442304e+000 ]
